                                    SWG Data

--------------------------------------------------------------------------------
Imperial Standard Wire Gauge (swg) as used for sheet metal and wire giving
thickness in both imperial and metric.

swg     Inches  mm.             swg     Inches  mm.             swg     Inches  mm.

7/0     .500    12.700          14      .080    2.032           34      .0092   .234
6/0     .464    11.786          15      .072    1.829           35      .0084   .213
5/0     .432    10.973          16      .064    1.626           36      .0076   .193
4/0     .400    10.160          17      .056    1.422           37      .0068   .173
3/0     .372    9.449           18      .048    1.219           38      .006    .152
2/0     .348    8.839           19      .040    1.016           39      .0052   .132
1/0     .324    8.236           20      .036    .914            40      .0048   .122
1       .300    7.620           21      .032    .813            41      .0044   .112
2       .276    7.010           22      .028    .711            42      .004    .102
3       .252    6.401           23      .024    .610            43      .0036   .091
4       .232    5.893           24      .022    .559            44      .0032   .081
5       .212    5.385           25      .020    .508            45      .0028   .071
6       .192    4.877           26      .018    .457            46      .0024   .061
7       .176    4.470           27      .0164   .417            47      .002    .051
8       .160    4.064           28      .0148   .376            48      .0016   .041
9       .144    3.658           29      .0136   .345            49      .0012   .030
10      .128    3.251           30      .0124   .315            50      .001    .025
11      .116    2.946           31      .0116   .295
12      .104    2.642           32      .0108   .274
13      .092    2.337           33      .0100   .254
--------------------------------------------------------------------------------
